 0.0	 0.0	 0.4	 0.5	 1.1	 0.5	 0.4	 0.0	 0.0	 0.0	 0.0	 0.0	 0.0	 0.0	 0.0	 0.0	 0.0	 0.0	 0.0	 0.0
 0.0	 0.5	 1.0	 3.4	 3.6	 3.4	 1.0	 0.5	 0.0	 0.0	 0.0	 0.0	 0.0	 0.0	 0.0	 0.0	 0.0	 0.0	 0.0	 0.0
 0.4	 1.0	 4.7	 8.4	 14.4	 8.4	 4.7	 1.0	 0.4	 0.0	 0.0	 0.0	 0.0	 0.0	 0.0	 0.0	 0.0	 0.0	 0.0	 0.0
 0.5	 3.4	 8.4	 22.8	 37.1	 22.8	 8.4	 3.4	 0.5	 0.1	 0.0	 0.0	 0.0	 0.0	 0.0	 0.0	 0.0	 0.0	 0.0	 0.0
 1.1	 3.6	 14.4	 37.1	 100.0	 37.1	 14.4	 3.6	 1.2	 0.1	 0.0	 0.0	 0.0	 0.0	 0.0	 0.0	 0.0	 0.0	 0.0	 0.0
 0.5	 3.4	 8.4	 22.8	 37.1	 22.8	 8.4	 3.4	 0.5	 0.1	 0.0	 0.0	 0.0	 0.0	 0.0	 0.0	 0.0	 0.0	 0.0	 0.0
 0.4	 1.0	 4.7	 8.4	 14.4	 8.4	 4.7	 1.0	 0.4	 0.0	 0.0	 0.0	 0.0	 0.0	 0.0	 0.0	 0.0	 0.0	 0.0	 0.0
 0.0	 0.5	 1.0	 3.4	 3.6	 3.4	 1.0	 0.5	 0.0	 0.0	 0.0	 0.0	 0.0	 0.0	 0.0	 0.0	 0.0	 0.0	 0.0	 0.0
 0.0	 0.0	 0.4	 0.5	 1.2	 0.5	 0.4	 0.0	 0.0	 0.0	 0.0	 0.0	 0.0	 0.0	 0.0	 0.0	 0.0	 0.0	 0.0	 0.0
 0.0	 0.0	 0.0	 0.1	 0.1	 0.1	 0.0	 0.0	 0.0	 0.0	 0.0	 0.0	 0.0	 0.0	 0.0	 0.0	 0.0	 0.0	 0.0	 0.0
 0.0	 0.0	 0.0	 0.0	 0.0	 0.0	 0.0	 0.0	 0.0	 0.0	 0.0	 0.0	 0.0	 0.0	 0.0	 0.0	 0.0	 0.0	 0.0	 0.0
 0.0	 0.0	 0.0	 0.0	 0.0	 0.0	 0.0	 0.0	 0.0	 0.0	 0.0	 0.0	 0.0	 0.0	 0.0	 0.0	 0.0	 0.0	 0.0	 0.0
 0.0	 0.0	 0.0	 0.0	 0.0	 0.0	 0.0	 0.0	 0.0	 0.0	 0.0	 0.0	 0.0	 0.0	 0.0	 0.0	 0.0	 0.0	 0.0	 0.0
 0.0	 0.0	 0.0	 0.0	 0.0	 0.0	 0.0	 0.0	 0.0	 0.0	 0.0	 0.0	 0.0	 0.0	 0.0	 0.0	 0.0	 0.0	 0.0	 0.0
 0.0	 0.0	 0.0	 0.0	 0.0	 0.0	 0.0	 0.0	 0.0	 0.0	 0.0	 0.0	 0.0	 0.0	 0.0	 0.0	 0.0	 0.0	 0.0	 0.0
 0.0	 0.0	 0.0	 0.0	 0.0	 0.0	 0.0	 0.0	 0.0	 0.0	 0.0	 0.0	 0.0	 0.0	 0.0	 0.0	 0.0	 0.0	 0.0	 0.0
 0.0	 0.0	 0.0	 0.0	 0.0	 0.0	 0.0	 0.0	 0.0	 0.0	 0.0	 0.0	 0.0	 0.0	 0.0	 0.0	 0.0	 0.0	 0.0	 0.0
 0.0	 0.0	 0.0	 0.0	 0.0	 0.0	 0.0	 0.0	 0.0	 0.0	 0.0	 0.0	 0.0	 0.0	 0.0	 0.0	 0.0	 0.0	 0.0	 0.0
 0.0	 0.0	 0.0	 0.0	 0.0	 0.0	 0.0	 0.0	 0.0	 0.0	 0.0	 0.0	 0.0	 0.0	 0.0	 0.0	 0.0	 0.0	 0.0	 0.0
 0.0	 0.0	 0.0	 0.0	 0.0	 0.0	 0.0	 0.0	 0.0	 0.0	 0.0	 0.0	 0.0	 0.0	 0.0	 0.0	 0.0	 0.0	 0.0	 0.0